,threshold,tdr,navigation_time
0,10,157.7662019769572,168.48878774800002
1,10,27.47883375925337,240.66396426000003
2,10,13.767567877806176,144.436322869
3,10,21.86577173820498,269.509228854
4,10,16.774078798781154,219.58681820700002
5,10,46.72061563036672,140.288752106
6,10,8.689534779555023,140.486325333
7,20,218.90342989127575,180.33746901400002
8,20,13.88766325709016,129.93967207900002
9,20,30.86072112165973,175.04429247800002
10,20,16.052528411996995,163.40666662
11,20,8.79102527419616,108.04455434900001
12,20,18.760987789767526,97.02839670600001
13,20,27.78290071184205,113.550789182
14,30,297.795543051494,224.07435263000002
15,30,17.744844285297575,123.164861766
16,30,95.83244822956223,166.076483853
17,30,17.82203243440544,128.233356971
18,30,7.612579750581555,93.222498098
19,30,18.55942172062023,86.71480654400001
20,30,37.6305992939071,92.460857805
21,40,190.50610701296625,187.60675905000002
22,40,37.00105649472379,128.862626756
23,40,37.21861374343801,126.03787795900001
24,40,21.969623970038718,114.32095757200001
25,40,18.597497815906472,122.36451831400001
26,40,34.73063667667399,89.518001825
27,40,40.17594080774945,96.572451719
28,60,482.5894293336442,255.573940179
29,60,65.47673606285332,205.08126340400003
30,60,82.31142722323932,155.08909395400002
31,60,52.9734480951072,138.559380744
32,60,38.9494084128803,138.985047192
33,60,34.73063667667399,89.518001825
34,60,113.08338030103539,147.243735721
35,80,46.804749126824504,113.55650820800001
36,80,112.18553835404191,226.644765554
37,80,62.65236359556936,170.43075212000002
38,80,144.22701715273308,211.621558912
39,80,144.48912096034715,218.885630875
40,80,197.5414685215573,223.28107161000003
41,80,166.71297080420416,178.536575598
